58
58
57
57
58
58
57
57
58
58
58
58
55
55
55
55
55
55
55
55
55
55
55
55
55
55
55
55
55
55
55
55
54
54
54
54
54
54
54
54
54
54
54
54
54
54
54
54
54
54
51
51
51
51
51
51
51
51
51
51
50
50
50
50
50
50
50
50
50
50
50
50
49
49
49
49
49
49
49
49
49
49
49
49
48
48
48
48
48
48
48
48
38
38
38
38
38
38
38
38
36
36
36
36
36
36
36
36
37
37
37
37
37
37
37
37
37
37
37
37
37
37
36
36
38
38
38
38
38
38
38
38
38
38
37
37
36
36
36
36
36
36
37
37
37
37
37
37
37
37
37
37
38
38
38
38
38
38
38
38
38
38
38
38
34
34
34
34
34
34
34
34
34
34
34
34
34
34
34
34
34
34
45
45
45
45
45
45
45
45
45
45
45
45
45
45
45
45
44
44
44
44
44
44
44
44
44
44
44
44
47
47
47
47
47
47
47
47
47
47
47
47
42
42
42
42
42
42
42
42
42
42
42
42
43
43
43
43
43
43
43
43
43
43
43
43
44
44
44
44
44
44
43
43
43
43
44
44
44
44
42
42
42
42
42
42
42
42
42
42
42
42
42
42
42
42
42
42
42
42
42
42
43
43
43
43
43
43
43
43
45
45
45
45
45
45
45
45
45
45
45
45
45
45
45
45
45
45
45
45
30
30
30
30
30
30
30
30
26
26
26
26
26
26
26
26
26
26
41
41
41
41
41
41
41
41
41
41
41
41
41
41
41
41
41
41
41
41
41
41
41
41
41
41
41
41
41
41
41
41
39
39
39
39
39
39
39
39
39
39
39
39
39
39
39
39
40
40
40
40
40
40
40
40
40
40
32
32
32
32
31
31
31
31
33
33
33
33
46
46
46
46
56
56
56
56


52
52
52
52
24
24
24
24
24
24
24
24
24
24
24
24
24
24
24
24
23
23
23
23
23
23
23
23
05
05
05
05
05
05
05
05
05
05
05

03
03

03
03
03
03
03
03
03
03
03
03

01
01

01
01
01
01
01
01
01
01
01
01

02
02
02
02
02
02
02
02
02
02
02
02
02
02

02
02

04
04

04
04
04
04
04
04
04
04
04
04
04
04
09
09
09
09
11
11
12
12
12
12
12
12

12
12

11
11
11
11
11
11
11
11
10
10
10
10
10
10
06
06
06
06
06
06
06
06
06
06
06
06
06
06
21
21
21
21
21
21
21
21
20
20
20
20
20
20
20
20
27
27
27
27
27
27
18
18
18
18
18
18
18
18
18
18
18
18
18
18
18
18


25
25
25
25
25
25
25
25
25
25
25
25
25
25
25
25
25
25
07
07
07
07
07
07
07
07
07
07
07
07
08
08
08
08
08
08
08
08
08
08
08
08
08
08
08
08
14
14
14
14
15
15
15
15
15
15
15
15
15
15
15
15
15
15
99
99
99
99
13
13
13
13
13
13
13
13
13
13
13
13
13
13
28
28
28
28
26
26
26
26
26
26
26
26
35
35
35
35
35
35

22
22
22
22
